# Blender 3.4.1
# www.blender.org
mtllib cubes.mtl
o Cube
v 1.989935 -0.847549 1.421098
v 1.848506 -2.077639 2.991727
v 1.297303 0.659354 2.538910
v 1.155875 -0.570736 4.109540
v 0.119037 -1.312438 0.888539
v -0.022391 -2.542528 2.459168
v -0.573595 0.194465 2.006351
v -0.715023 -1.035625 3.576981
vn 0.0707 0.6150 -0.7853
vn -0.3463 0.7535 0.5589
vn -0.9354 -0.2324 -0.2663
vn -0.0707 -0.6150 0.7853
vn 0.9354 0.2324 0.2663
vn 0.3463 -0.7535 -0.5589
vt 0.625000 0.500000
vt 0.375000 0.500000
vt 0.625000 0.750000
vt 0.375000 0.750000
vt 0.875000 0.500000
vt 0.625000 0.250000
vt 0.125000 0.500000
vt 0.375000 0.250000
vt 0.875000 0.750000
vt 0.625000 1.000000
vt 0.625000 0.000000
vt 0.375000 1.000000
vt 0.375000 0.000000
vt 0.125000 0.750000
s 0
usemtl Material
f 1/1/1 5/5/1 7/9/1 3/3/1
f 4/4/2 3/3/2 7/10/2 8/12/2
f 8/13/3 7/11/3 5/6/3 6/8/3
f 6/7/4 2/2/4 4/4/4 8/14/4
f 2/2/5 1/1/5 3/3/5 4/4/5
f 6/8/6 5/6/6 1/1/6 2/2/6
o Cubo
v -1.919341 1.351586 0.542859
v -1.721008 3.102940 1.488070
v -2.273886 2.317378 -1.172234
v -2.075552 4.068732 -0.227023
v 0.038965 1.349066 0.136618
v 0.237298 3.100420 1.081829
v -0.315580 2.314858 -1.578475
v -0.117246 4.066212 -0.633264
vn -0.9792 0.0013 0.2031
vn -0.1773 0.4829 -0.8575
vn 0.9792 -0.0013 -0.2031
vn 0.1773 -0.4829 0.8575
vn -0.0992 -0.8757 -0.4726
vn 0.0992 0.8757 0.4726
vt 0.375000 0.000000
vt 0.375000 1.000000
vt 0.125000 0.750000
vt 0.625000 0.000000
vt 0.625000 1.000000
vt 0.875000 0.750000
vt 0.375000 0.250000
vt 0.125000 0.500000
vt 0.625000 0.250000
vt 0.875000 0.500000
vt 0.375000 0.750000
vt 0.625000 0.750000
vt 0.375000 0.500000
vt 0.625000 0.500000
s 0
f 9/15/7 10/18/7 12/23/7 11/21/7
f 11/21/8 12/23/8 16/28/8 15/27/8
f 15/27/9 16/28/9 14/26/9 13/25/9
f 13/25/10 14/26/10 10/19/10 9/16/10
f 11/22/11 15/27/11 13/25/11 9/17/11
f 16/28/12 12/24/12 10/20/12 14/26/12
